ave_error_all = 0.011869335009112846
ave_label2result_all = 0.05280029703328006
ave_pre2result_error_all = 0.053663136251347825
