ave_error_all = 0.010172014627021593
ave_label2result_all = 0.05280029703328006
ave_pre2result_error_all = 0.052170407597674336
